-4450
-5524
-1506
3666
9547
-6321
-6991
-1718
3215
-1794
-9199
5549
-9859
-8568
6614
2754
-4132
440
3826
2259
-3914
71
4683
8844
3090
-1679
4196
-8789
5933
6061
4811
1623
2672
-9798
8112
-17
-5419
-5470
-326
-3561
586
-9067
-9523
-3739
-3416
-5989
-2656
-355
-5539
-1775
4538
-3953
-7817
3637
-2696
541
-5618
-8938
-6833
9776
-5664
1427
7892
9097
-6175
-2456
-5949
-5378
-760
2730
3459
-2269
3491
-3178
4197
7916
-7110
-895
5928
8735
3518
6712
-3381
-7220
-9328
-3370
-2871
-3142
8270
-5146
1422
-7856
7027
2486
4064
5630
-7303
-4957
-6982
688
-8032
3328
2617
1523
3678
-8068
9191
-9007
-302
7718
-4414
-5524
4651
2460
1848
-8255
-5974
2315
7825
5494
-155
3361
-8507
-3007
-1665
-8303
-7724
-7065
8303
6223
-5133
544
-6314
5881
5633
7098
3095
-6734
-4468
-5606
-6148
-9225
2521
-379
-9545
-1149
-4741
-6642
2438
-9846
5487
9533
7586
-472
-487
-3637
6239
6673
359
-7685
-8626
-8367
-6810
-15
-5212
-9313
-6428
3860
6865
6437
4526
-9236
1683
-199
751
3971
3984
-2101
1742
4778
-429
3363
4593
-8184
-9115
4620
4680
-6264
-9914
-8102
-9011
270
-8453
1524
-1834
9852
-8441
6663
-7137
-6956
2262
2260
3187
7320
9139
2435
2696
-988
8269
-1591
7366
-6187
5981
8770
-2140
1080
-911
9586
-2466
-554
-8639
8424
-7060
6430
5585
6057
1142
-2719
5600
7139
-9949
-5766
3842
2701
-8646
-4391
8343
-409
-9375
-8484
-2293
8238
-7608
7368
-1248
-2782
-832
7238
1003
-6425
1904
-1756
2888
-2758
6381
2627
-457
-9029
-7519
-2052
-4458
6867
-7623
-1870
5036
-2970
8742
5002
-4183
2578
-8699
-6143
9672
1937
5599
1274
-177
9555
2435
-2279
7055
7043
-4682
4722
8064
-7375
1558
123
5607
3934
1119
5072
7631
4651
3638
-1154
1179
-9337
-8745
9647
-7770
7099
-8542
4646
8542
-7195
-965
4738
-9262
-9883
-9301
-8651
4679
-9518
1772
8252
-7542
7523
1581
-5807
-8443
7075
-4462
7211
7405
6114
-4383
1216
-4569
-7937
462
-8107
-5766
-8640
-1610
9013
-9983
6010
3383
-5177
1977
-8052
1045
-9207
6893
4015
7068
-4282
998
-3613
7901
-9192
3164
439
662
2779
9692
5984
-2132
6621
6717
7914
-5383
-5865
-3562
-5813
-2306
6820
-6729
-6085
-3534
-8867
8542
-3332
-6271
1627
-2977
7122
-5362
6732
1784
-5160
-7690
-4341
-1216
-7063
-3916
6156
4588
-1497
4635
-1404
-6707
908
5889
6451
-1177
1531
3822
-9218
-5560
2585
9118
6575
-4282
8484
-5029
5072
-7767
7905
655
3735
-7718
1753
7626
-4597
-1870
-1742
-5602
5976
-2256
-3338
1754
6409
1609
-4361
-7937
-9786
-8547
-5276
3244
2222
-9201
-7733
-4370
9677
9207
3937
-3498
-863
-8712
5868
-4933
1707
1107
3683
-466
-8456
-903
-8689
-4894
-8182
-2630
-5972
-4919
2277
-8296
-7532
4581
-1904
1081
354
3534
4990
7256
2691
7054
4466
-4694
4244
-2860
-9564
4966
-2899
7889
2923
4033
-4580
5719
-7582
-6888
3117
7849
-9520
-1592
4237
-3751
-5640
6338
4068
2638
-4995
6837
-151
-3549
2430
-3276
-2971
3069
4433
